snapshots = []
snapshots.append([36516528,36516529,36516530,36516531,36516532,36516533,36516534,36516535,36516536,36516537,36516538,36516539,36516540,36516541,36516542,36516543,36516544,36516545,36516546,36516547,36582112,36582113,36582114,36582115,36582116,36582117,36582118,36582119,36582120,36582121,36582122,36582123,36582124,36582125,36582126,36582127,36582128,36582129,36582130,36582131])
snapshots.append([36516528,36516529,36516530,36516531,36516532,36516533,36516534,36516535,36516536,36516537,36516538,36516539,36516540,36516541,36516542,36516543,36516544,36516545,36516546,36516547,36582112,36582113,36582114,36582115,36582116,36582117,36582118,36582119,36582120,36582121,36582122,36582123,36582124,36582125,36582126,36582127,36582128,36582129,36582130,36582131,36647696,36647697,36647698,36647699,36647700,36647701,36647702,36647703,36713280,36713281,36713282,36713283,36713284,36713285,36713286,36713287,36713288,36713289,36713290,36713291])
snapshots.append([36516528,36516529,36516530,36516531,36516532,36516533,36516534,36516535,36516536,36516537,36516538,36516539,36516540,36516541,36516542,36516543,36516544,36516545,36516546,36516547,36582112,36582113,36582114,36582115,36582116,36582117,36582118,36582119,36582120,36582121,36582122,36582123,36582124,36582125,36582126,36582127,36582128,36582129,36582130,36582131,36647696,36647697,36647698,36647699,36647700,36647701,36647702,36647703,36713280,36713281,36713282,36713283,36713284,36713285,36713286,36713287,36713288,36713289,36713290,36713291,36778864,36778865,36778866,36778867,36844448,36844449,36844450,36844451])
snapshots.append([36516528,36516529,36516530,36516531,36516532,36516533,36516534,36516535,36516536,36516537,36516538,36516539,36516540,36516541,36516542,36516543,36516544,36516545,36516546,36516547,36582112,36582113,36582114,36582115,36582116,36582117,36582118,36582119,36582120,36582121,36582122,36582123,36582124,36582125,36582126,36582127,36582128,36582129,36582130,36582131,36647696,36647697,36647698,36647699,36647700,36647701,36647702,36647703,36713280,36713281,36713282,36713283,36713284,36713285,36713286,36713287,36713288,36713289,36713290,36713291,36778864,36778865,36778866,36778867,36844448,36844449,36844450,36844451])
snapshots.append([36516528,36516529,36516530,36516531,36516532,36516533,36516534,36516535,36516536,36516537,36516538,36516539,36516540,36516541,36516542,36516543,36516544,36516545,36516546,36516547,36582112,36582113,36582114,36582115,36582116,36582117,36582118,36582119,36582120,36582121,36582122,36582123,36582124,36582125,36582126,36582127,36582128,36582129,36582130,36582131,36647696,36647697,36647698,36647699,36647700,36647701,36647702,36647703,36713280,36713281,36713282,36713283,36713284,36713285,36713286,36713287,36713288,36713289,36713290,36713291])
snapshots.append([36516528,36516529,36516530,36516531,36516532,36516533,36516534,36516535,36516536,36516537,36516538,36516539,36516540,36516541,36516542,36516543,36516544,36516545,36516546,36516547,36582112,36582113,36582114,36582115,36582116,36582117,36582118,36582119,36582120,36582121,36582122,36582123,36582124,36582125,36582126,36582127,36582128,36582129,36582130,36582131,36647696,36647697,36647698,36647699,36647700,36647701,36647702,36647703,36713280,36713281,36713282,36713283,36713284,36713285,36713286,36713287,36713288,36713289,36713290,36713291,36778864,36778865,36778866,36778867,36778868,36778869,36778870,36778871,36844448,36844449,36844450,36844451])
snapshots.append([36516528,36516529,36516530,36516531,36516532,36516533,36516534,36516535,36516536,36516537,36516538,36516539,36516540,36516541,36516542,36516543,36516544,36516545,36516546,36516547,36582112,36582113,36582114,36582115,36582116,36582117,36582118,36582119,36582120,36582121,36582122,36582123,36582124,36582125,36582126,36582127,36582128,36582129,36582130,36582131,36647696,36647697,36647698,36647699,36647700,36647701,36647702,36647703,36713280,36713281,36713282,36713283,36713284,36713285,36713286,36713287,36713288,36713289,36713290,36713291,36778864,36778865,36778866,36778867,36778868,36778869,36778870,36778871,36844448,36844449,36844450,36844451])
snapshots.append([36516528,36516529,36516530,36516531,36516532,36516533,36516534,36516535,36516536,36516537,36516538,36516539,36516540,36516541,36516542,36516543,36516544,36516545,36516546,36516547,36582112,36582113,36582114,36582115,36582116,36582117,36582118,36582119,36582120,36582121,36582122,36582123,36582124,36582125,36582126,36582127,36582128,36582129,36582130,36582131,36647696,36647697,36647698,36647699,36647700,36647701,36647702,36647703,36713280,36713281,36713282,36713283,36713284,36713285,36713286,36713287,36713288,36713289,36713290,36713291,36778864,36778865,36778866,36778867,36778868,36778869,36778870,36778871,36844448,36844449,36844450,36844451,36910032,36910033,36910034,36910035,36975616,36975617,36975618,36975619])
snapshots.append([36516528,36516529,36516530,36516531,36516532,36516533,36516534,36516535,36516536,36516537,36516538,36516539,36516540,36516541,36516542,36516543,36516544,36516545,36516546,36516547,36582112,36582113,36582114,36582115,36582116,36582117,36582118,36582119,36582120,36582121,36582122,36582123,36582124,36582125,36582126,36582127,36582128,36582129,36582130,36582131,36647696,36647697,36647698,36647699,36647700,36647701,36647702,36647703,36713280,36713281,36713282,36713283,36713284,36713285,36713286,36713287,36713288,36713289,36713290,36713291,36778864,36778865,36778866,36778867,36778868,36778869,36778870,36778871,36844448,36844449,36844450,36844451,36910032,36910033,36910034,36910035,36975616,36975617,36975618,36975619])
snapshots.append([36516528,36516529,36516530,36516531,36516532,36516533,36516534,36516535,36516536,36516537,36516538,36516539,36516540,36516541,36516542,36516543,36516544,36516545,36516546,36516547,36582112,36582113,36582114,36582115,36582116,36582117,36582118,36582119,36582120,36582121,36582122,36582123,36582124,36582125,36582126,36582127,36582128,36582129,36582130,36582131])
snapshots.append([36516528,36516529,36516530,36516531,36516532,36516533,36516534,36516535,36516536,36516537,36516538,36516539,36516540,36516541,36516542,36516543,36516544,36516545,36516546,36516547,36582112,36582113,36582114,36582115,36582116,36582117,36582118,36582119,36582120,36582121,36582122,36582123,36582124,36582125,36582126,36582127,36582128,36582129,36582130,36582131,36647696,36647697,36647698,36647699,36647700,36647701,36647702,36647703,36647704,36647705,36647706,36647707,36713280,36713281,36713282,36713283,36713284,36713285,36713286,36713287])
snapshots.append([36516528,36516529,36516530,36516531,36516532,36516533,36516534,36516535,36516536,36516537,36516538,36516539,36516540,36516541,36516542,36516543,36516544,36516545,36516546,36516547,36582112,36582113,36582114,36582115,36582116,36582117,36582118,36582119,36582120,36582121,36582122,36582123,36582124,36582125,36582126,36582127,36582128,36582129,36582130,36582131,36647696,36647697,36647698,36647699,36647700,36647701,36647702,36647703,36647704,36647705,36647706,36647707,36713280,36713281,36713282,36713283,36713284,36713285,36713286,36713287,36778864,36778865,36778866,36778867,36844448,36844449,36844450,36844451])
snapshots.append([36516528,36516529,36516530,36516531,36516532,36516533,36516534,36516535,36516536,36516537,36516538,36516539,36516540,36516541,36516542,36516543,36516544,36516545,36516546,36516547,36582112,36582113,36582114,36582115,36582116,36582117,36582118,36582119,36582120,36582121,36582122,36582123,36582124,36582125,36582126,36582127,36582128,36582129,36582130,36582131,36647696,36647697,36647698,36647699,36647700,36647701,36647702,36647703,36647704,36647705,36647706,36647707,36713280,36713281,36713282,36713283,36713284,36713285,36713286,36713287,36778864,36778865,36778866,36778867,36844448,36844449,36844450,36844451])
snapshots.append([36516528,36516529,36516530,36516531,36516532,36516533,36516534,36516535,36516536,36516537,36516538,36516539,36516540,36516541,36516542,36516543,36516544,36516545,36516546,36516547,36582112,36582113,36582114,36582115,36582116,36582117,36582118,36582119,36582120,36582121,36582122,36582123,36582124,36582125,36582126,36582127,36582128,36582129,36582130,36582131,36647696,36647697,36647698,36647699,36647700,36647701,36647702,36647703,36647704,36647705,36647706,36647707,36713280,36713281,36713282,36713283,36713284,36713285,36713286,36713287])
snapshots.append([36516528,36516529,36516530,36516531,36516532,36516533,36516534,36516535,36516536,36516537,36516538,36516539,36516540,36516541,36516542,36516543,36516544,36516545,36516546,36516547,36582112,36582113,36582114,36582115,36582116,36582117,36582118,36582119,36582120,36582121,36582122,36582123,36582124,36582125,36582126,36582127,36582128,36582129,36582130,36582131,36647696,36647697,36647698,36647699,36647700,36647701,36647702,36647703,36647704,36647705,36647706,36647707,36713280,36713281,36713282,36713283,36713284,36713285,36713286,36713287,36778864,36778865,36778866,36778867,36778868,36778869,36778870,36778871,36844448,36844449,36844450,36844451])
snapshots.append([36516528,36516529,36516530,36516531,36516532,36516533,36516534,36516535,36516536,36516537,36516538,36516539,36516540,36516541,36516542,36516543,36516544,36516545,36516546,36516547,36582112,36582113,36582114,36582115,36582116,36582117,36582118,36582119,36582120,36582121,36582122,36582123,36582124,36582125,36582126,36582127,36582128,36582129,36582130,36582131,36647696,36647697,36647698,36647699,36647700,36647701,36647702,36647703,36647704,36647705,36647706,36647707,36713280,36713281,36713282,36713283,36713284,36713285,36713286,36713287,36778864,36778865,36778866,36778867,36778868,36778869,36778870,36778871,36844448,36844449,36844450,36844451])
snapshots.append([36516528,36516529,36516530,36516531,36516532,36516533,36516534,36516535,36516536,36516537,36516538,36516539,36516540,36516541,36516542,36516543,36516544,36516545,36516546,36516547,36582112,36582113,36582114,36582115,36582116,36582117,36582118,36582119,36582120,36582121,36582122,36582123,36582124,36582125,36582126,36582127,36582128,36582129,36582130,36582131,36647696,36647697,36647698,36647699,36647700,36647701,36647702,36647703,36647704,36647705,36647706,36647707,36713280,36713281,36713282,36713283,36713284,36713285,36713286,36713287,36778864,36778865,36778866,36778867,36778868,36778869,36778870,36778871,36844448,36844449,36844450,36844451,36910032,36910033,36910034,36910035,36975616,36975617,36975618,36975619])
snapshots.append([36516528,36516529,36516530,36516531,36516532,36516533,36516534,36516535,36516536,36516537,36516538,36516539,36516540,36516541,36516542,36516543,36516544,36516545,36516546,36516547,36582112,36582113,36582114,36582115,36582116,36582117,36582118,36582119,36582120,36582121,36582122,36582123,36582124,36582125,36582126,36582127,36582128,36582129,36582130,36582131,36647696,36647697,36647698,36647699,36647700,36647701,36647702,36647703,36647704,36647705,36647706,36647707,36713280,36713281,36713282,36713283,36713284,36713285,36713286,36713287,36778864,36778865,36778866,36778867,36778868,36778869,36778870,36778871,36844448,36844449,36844450,36844451,36910032,36910033,36910034,36910035,36975616,36975617,36975618,36975619])
